30155	1025
30189	962
31369	27
31403	397
31437	401
31471	26
31506	92
31975	28
32043	1285
32077	27
33318	5727
33352	526
35280	523
35852	5607
35886	6179
36424	368
36961	2068
37737	37
38162	852
38734	656
38768	521
39330	16
39364	11
39432	506
39466	255
39500	207
39949	3
39983	1427
40017	22
40051	1344
40085	315
40119	237
40520	846
40554	697
40589	619
41231	5
41265	87
41299	10
41333	4
41817	1252
41918	83
42425	124
42459	47
42595	27
42629	7
43146	1063
43214	71
43248	23
43650	97
43684	49
43752	442
44358	183
44793	512
45399	671
46031	25
46099	1010
46133	38
46626	468
47245	542
47817	207
47851	72
47920	1627
48515	6659
49708	734
49811	5335
50451	366
50933	4198
51001	162
51552	2151
53934	202
54139	54
54597	419
55206	55
55240	7
55308	5984
55342	352
55376	275
55812	805
55846	757
55880	622
55914	501
56373	4934
56407	167
56441	3
56475	4846
56509	7
56543	17
56577	11
57026	4252
57094	14
57128	1278
57196	475
57713	1825
58285	93
58319	44
58387	5
58421	14
58489	422
58914	12
58949	265
59486	1880
59554	22
59588	507
60082	56
60116	7
60150	17
60184	170
60218	122
60677	557
60711	509
60745	345
61367	4744
61401	4667
61435	4619
61469	1627
61503	1578
61537	318
61939	1128
61973	1065
62007	1017
62143	866
63116	2909
63150	3
63184	2826
63219	2762
63253	1112
63321	63
64365	982
64433	899
65508	445
66243	27
66277	22
66311	334
66345	286
66817	189
66851	54
66885	5
66919	58
66953	10
66988	3
67525	1501
67593	913
67627	562
68729	282
68763	234
69393	66
69427	17
71179	891
72380	2273
73146	136
74166	3935
74200	2863
74738	3464
74806	286
75344	74
75446	563
76018	972
76052	246
76086	82
76535	441
76569	393
76637	368
77201	136
77235	58
77269	10
77303	5
77337	72
77371	23
77773	314
77807	266
77841	203
77875	154
77909	106
77943	14
78415	4953
78449	4890
78483	3572
78518	3508
78552	1093
78586	1030
79089	4293
79721	559
80249	3205
80283	55
80891	33
80926	61
81028	17
81062	27
81096	94
81673	339
81707	290
81741	25
81775	208
82303	560
82337	988
82371	477
82875	31
82909	387
82977	189
83470	28
83538	494
83572	445
83606	368
83674	26
84110	2389
84144	2340
84178	2292
84212	22
84246	464
84718	6586
84752	1704
84786	1655
85956	211
86528	4718
86630	3534
87719	36
87753	164
87787	111
88314	724
88348	676
88451	602
89529	591
89563	529
90100	6
90135	14
90169	9
90203	1115
90237	13
90271	816
90696	175
90730	271
90764	525
91386	4
91420	100
91454	52
91488	3
92060	2259
92094	638
92162	253
92611	6
92645	29
92679	24
92713	5
92747	1558
93182	12
93250	910
93285	890
94454	3039
94488	33
94557	36
94992	135
95026	505
95564	25
95598	1867
96802	648
97476	3
97510	12
97544	252
97945	890
97980	163
98551	255
98585	207
98654	6429
99089	828
99123	30
99191	5
99259	96
99293	47
99695	253
99729	5
99763	111
99797	38
99831	31
99865	47
100290	666
100324	603
100392	420
100896	3
100930	12
100998	781
101032	732
101066	684
101526	195
102063	2977
102131	1913
102200	141
103299	716
103333	668
104020	10
104421	474
104455	426
104489	377
104558	207
105085	546
105119	498
105153	449
105187	5941
105221	352
105255	304
105657	5486
105759	796
105793	718
106228	254
106262	206
106871	3045
106905	2997
106939	2949
106973	1587
108188	358
109549	238
109984	726
110018	678
110086	451
110120	200
110154	51
110755	99
110789	51
110823	2
110857	170
110892	121
110926	58
111419	186
111453	108
111487	17
111521	11
112048	18
112082	13
112116	3774
112565	252
112633	169
113137	2738
113205	968
113307	837
114886	932
114920	205
115482	321
115618	171
116179	360
116213	240
30140	1
30174	8
30208	83
30242	24
30276	7
30310	57
30712	84
30746	25
30780	8
30814	34
30848	24
30882	7
30916	4
30950	23
31446	8
31480	15
31515	25
31548	21
31582	14
31616	81
31650	30
32052	32
32086	15
32121	11
32154	7
32188	2
32222	64
32647	60
32681	9
32715	101
32749	59
32784	7
32818	74
33219	1
33256	57
33290	6
33324	98
33358	56
33392	5
33817	1
33851	68
33885	17
33920	7
33954	10
33988	15
34484	24
34518	7
34552	76
34586	23
34620	6
34654	32
35055	20
35089	15
35123	8
35158	4
35192	13
35226	6
35651	94
35685	52
35719	1
35753	29
35787	34
35821	17
36222	3
36257	16
36291	11
36325	1
36359	1
36393	24
36794	54
36828	3
36862	95
36896	53
36931	1
36965	85
36999	34
37471	92
37505	33
37539	16
37575	81
37607	32
37641	23
38066	2
38100	61
38134	10
38169	101
38203	59
38237	8
38662	4
38696	79
38730	20
38764	3
38798	70
38832	19
39234	21
39268	4
39302	79
39336	20
39370	3
39404	53
39805	81
39839	22
39873	5
39907	80
39942	20
39976	3
40377	6
40411	81
40445	22
40479	5
40513	72
40547	21
40972	17
41009	89
41041	32
41075	15
41110	81
41143	31
41591	4
41626	53
41660	44
41694	2
41728	28
41762	18
42163	21
42197	4
42231	1
42265	10
42299	3
42334	13
42368	18
42769	11
42803	4
42837	79
42871	20
42905	3
42939	14
42973	19
43446	68
43480	17
43514	8
43548	67
43582	16
43616	7
43650	49
44122	6
44156	65
44191	13
44225	4
44259	63
44293	12
44718	8
44752	83
44786	24
44820	7
44854	4
44888	23
45313	2
45347	2
45381	40
45415	1
45449	1
45484	9
45885	12
45919	2
45953	170
45987	60
46021	1
46055	29
46528	16
46564	89
46596	32
46630	15
46665	81
46698	31
47099	34
47133	17
47167	92
47202	32
47236	15
47271	64
47718	21
47752	4
47786	79
47821	19
47855	2
47889	52
48314	31
48348	14
48382	89
48416	30
48450	13
48484	63
48887	81
48920	31
48954	2
48988	165
49022	30
49056	13
49552	5
49586	97
49620	55
49654	4
49688	18
49722	13
49756	3
50158	5
50192	5
50226	55
50260	4
50294	4
50328	13
50729	57
50763	6
50798	97
50832	55
50866	4
50900	71
51301	99
51335	57
51369	6
51403	98
51437	56
51472	4
51506	71
51907	91
51941	40
51975	31
52009	98
52043	56
52077	5
52479	7
52513	165
52547	57
52581	6
52615	34
52649	15
53051	58
53085	7
53119	91
53153	1
53187	6
53221	63
53646	52
53680	8
53714	1
53748	12
53782	17
53816	8
54218	2
54252	13
54286	18
54320	1
54354	12
54388	17
54790	19
54824	2
54858	77
54892	18
54926	1
54960	12
55385	20
55419	13
55453	53
55487	5
55521	12
55555	62
55980	41
56014	24
56048	200
56082	57
56117	5
56151	89
56185	38
56586	58
56620	7
56654	99
56688	57
56722	6
56756	73
57182	68
57216	17
57250	8
57284	67
57318	16
57352	7
57777	67
57811	28
57845	11
57879	22
57913	3
57947	10
57981	60
58383	87
58417	28
58451	11
58485	86
58519	27
58553	10
58587	60
58989	87
59023	28
59057	11
59091	86
59125	27
59159	10
59726	32
59760	15
59795	89
59828	31
59862	14
59896	81
59930	30
60332	32
60366	15
60401	89
60434	31
60468	14
60502	83
60536	30
60570	13
60995	93
61029	67
61063	8
61097	8
61131	46
61165	7
61638	15
61672	5
61706	5
61740	14
61774	4
61808	71
62209	91
62244	15
62278	5
62312	19
62346	14
62380	4
62781	7
62815	64
62849	16
62883	6
62917	6
62952	14
63447	9
63482	3
63516	4
63550	7
63584	2
63618	3
64019	6
64053	65
64087	14
64121	5
64156	63
64190	12
64591	15
64625	6
64659	65
64693	14
64727	5
64761	47
65210	2
65244	94
65278	52
65312	1
65346	93
65380	34
65782	53
65816	2
65850	94
65884	52
65918	1
65952	68
66377	64
66411	13
66445	4
66479	63
66513	12
66548	2
66582	61
66616	10
67064	92
67098	33
67132	16
67168	89
67201	31
67235	14
67636	17
67670	14
67704	9
67738	4
67774	54
67806	8
68231	11
68266	1
68300	4
68334	9
68368	9
68402	3
68436	8
68837	1
68871	2
68905	61
68940	9
68974	93
69008	42
69409	62
69443	11
69477	2
69511	61
69545	10
69579	1
69981	3
70015	62
70049	11
70083	2
70117	61
70151	10
70553	12
70587	3
70621	62
70655	11
70689	2
70723	44
71172	16
71208	89
71240	32
71274	15
71309	89
71342	31
71376	14
71801	1
71835	60
71869	9
71903	9
71937	3
71971	8
72373	10
72407	1
72441	60
72475	9
72509	93
72543	42
72945	61
72979	10
73013	1
73047	68
73081	9
73115	76
73540	80
73574	21
73608	4
73642	79
73676	20
73710	3
74112	5
74146	80
74180	21
74214	4
74248	71
74282	20
74684	22
74718	5
74752	55
74786	11
74820	4
74854	1
75255	4
75289	23
75324	5
75358	16
75392	21
75426	4
75851	14
75885	9
75919	16
75955	11
75987	8
76021	15
76493	7
76527	2
76562	88
76596	29
76630	12
76664	62
77066	89
77099	31
77133	14
77167	89
77201	30
77235	13
77270	62
77765	97
77800	54
77834	3
77868	95
77902	53
77936	2
78384	84
78419	24
78453	7
78487	18
78521	23
78555	6
78956	9
78990	78
79024	25
79058	8
79093	18
79127	23
79528	26
79562	9
79596	84
79630	25
79664	8
79698	5
80100	7
80134	26
80168	9
80202	84
80236	25
80270	8
80304	58
80753	13
80787	4
80821	46
80855	2
80889	3
80923	6
80957	1
81359	3
81393	4
81427	63
81461	12
81495	3
81529	45
81930	65
81965	13
81999	4
82033	63
82067	12
82101	3
82549	35
82584	17
82618	92
82652	33
82686	16
82722	64
83168	22
83203	4
83237	54
83271	138
83305	3
83339	53
83764	32
83798	15
83833	81
83866	31
83900	2
83934	11
84359	4
84393	9
84427	9
84461	3
84496	7
84530	7
84564	40
84965	68
84999	9
85033	23
85067	3
85101	8
85135	8
85170	1
85571	4
85605	9
85639	9
85673	3
85707	8
85741	65
85775	17
86200	20
86234	3
86269	77
86303	18
86337	1
86371	51
86772	79
86806	20
86840	3
86874	53
86908	9
86943	1
86977	51
87448	1
87482	27
87516	7
87550	8
87584	67
87618	16
88067	97
88101	55
88135	4
88169	96
88203	54
88237	3
88733	2
88767	3
88801	62
88835	11
88869	2
88903	44
89423	29
89457	12
89491	87
89525	28
89559	11
89593	61
90018	57
90052	6
90086	98
90120	56
90155	4
90189	71
90637	27
90671	10
90705	85
90739	26
90774	8
90808	58
91209	86
91243	27
91277	10
91311	85
91345	26
91379	9
91781	11
91815	179
91849	27
91883	10
91917	60
91951	51
92353	28
92387	11
92421	22
92455	27
92489	10
92523	36
92924	88
92958	29
92993	11
93027	61
93061	17
93095	10
93129	36
93530	88
93564	29
93598	12
93632	87
93667	27
93701	10
94102	13
94136	68
94170	29
94204	12
94238	23
94272	4
94745	7
94779	26
94813	9
94847	84
94881	25
94915	8
95434	2
95469	60
95503	9
95537	95
95571	59
95605	8
95639	8
96040	2
96074	5
96108	10
96143	9
96177	59
96211	8
96612	11
96646	2
96680	34
96714	10
96748	1
96782	4
97231	3
97266	11
97299	21
97333	2
97367	69
97401	30
97827	8
97861	8
97895	46
97929	7
97963	21
97997	1
98398	4
98432	9
98466	101
98500	59
98535	7
98569	91
98970	1
99004	60
99038	9
99072	101
99106	59
99140	8
99174	92
99209	40
99634	19
99668	2
99702	52
99736	8
99770	1
99804	12
100205	15
100239	10
100273	3
100308	52
100342	8
100376	1
100824	58
100858	7
100892	91
100927	44
100961	5
100995	5
101443	18
101477	11
101511	8
101546	2
101580	9
101614	35
102133	6
102167	1
102201	2
102235	49
102269	10
102304	9
102705	3
102739	6
102773	1
102807	2
102841	61
102875	10
103300	6
103334	81
103368	22
103403	4
103437	15
103471	10
103967	29
104001	12
104035	23
104069	4
104103	11
104137	8
104171	27
104596	6
104630	63
104664	15
104698	5
104732	5
104766	14
104800	4
105202	6
105236	20
105270	29
105304	5
105338	5
105372	55
105406	4
105808	6
105842	98
105876	56
105910	5
105944	89
105978	38
106380	57
106414	6
106448	98
106482	56
106516	5
106550	72
106951	100
106985	58
107019	7
107054	98
107088	56
107122	5
107547	1
107581	51
107615	34
107649	2
107683	67
107717	16
107751	7
107785	39
108210	4
108244	11
108278	22
108312	3
108347	9
108381	20
108782	62
108816	18
108850	11
108884	8
108918	3
108952	10
109377	98
109411	56
109446	4
109480	32
109514	54
109548	3
109973	1
110007	10
110041	5
110075	6
110109	9
110143	4
110177	5
110649	3
110684	3
110718	62
110752	11
110786	103
110820	61
110854	10
111255	13
111289	4
111323	63
111358	11
111392	2
111426	44
111827	64
111861	13
111895	4
111929	63
111963	12
111997	3
112031	45
112433	64
112467	13
112501	4
112535	63
112569	12
112603	3
113005	5
113039	47
113073	3
113107	4
113141	7
113175	12
113576	5
113611	5
113645	52
113679	13
113713	4
113747	46
114195	2
114230	1
114264	34
114298	17
114332	84
114366	33
114791	12
114825	3
114859	62
114893	11
114927	2
114961	44
115386	23
115420	6
115454	81
115488	22
115523	4
115557	54
115982	33
116016	16
116052	89
116084	32
116118	15
116153	81
116186	31
116635	3
116669	53
116703	44
116737	2
116771	69
116805	18
30395	6
30429	15
30463	24
30497	168
30531	33
30565	81
30990	281
31024	242
31058	11
31092	1
31160	10
31194	29
31620	65
31654	16
31688	242
31722	54
31756	1
31790	87
32191	13
32225	123
32259	22
32293	27
32328	6
32362	1
32396	10
32797	393
32865	22
32899	190
32933	122
32967	21
33369	23
33403	403
33437	359
33471	22
33505	142
33539	55
33988	10
34022	15
34056	346
34090	9
34124	177
34158	42
34678	27
34712	498
34747	362
34780	26
34814	194
34848	59
35252	1170
35284	27
35318	1003
35353	362
35386	26
35420	93
35454	160
35855	909
35889	28
35924	296
35959	213
35992	26
36026	93
36451	298
36485	38
36519	206
36553	153
36587	32
36621	3
37046	6
37080	347
37114	15
37148	183
37182	115
37217	13
37618	11
37652	6
37686	318
37720	15
37754	183
37788	48
38261	18
38295	12
38329	7
38363	132
38397	45
38431	6
38856	14
38890	966
38924	23
38958	292
38992	157
39026	22
39451	1
39485	366
39519	34
39554	196
39588	167
39622	32
40047	11
40081	16
40149	10
40183	15
40217	67
40251	9
40700	469
40735	30
40769	299
40803	164
40837	29
40871	62
41344	27
41378	498
41413	362
41446	26
41480	194
41514	59
41963	14
41997	485
42031	259
42065	13
42099	181
42133	113
42167	12
42616	34
42650	15
42684	24
42718	33
42752	33
42786	100
43188	1
43222	371
43256	34
43290	154
43324	168
43358	33
43392	38
43817	421
43851	348
43885	11
43919	381
43953	145
43987	10
44389	7
44423	483
44457	348
44491	11
44525	179
44559	44
44961	450
44995	12
45029	305
45063	247
45097	11
45131	78
45556	360
45590	23
45624	191
45658	138
45692	22
45726	27
46151	915
46185	34
46219	505
46254	369
46288	32
46322	200
46356	65
46757	270
46791	34
46825	168
46859	67
46893	14
46928	37
47329	1
47363	6
47397	29
47431	10
47465	5
47499	14
47924	12
47958	31
47993	448
48027	10
48061	279
48095	144
48129	9
48577	672
48611	32
48646	555
48680	367
48714	30
48748	198
48782	63
49207	8
49241	3
49275	13
49309	51
49343	7
49377	12
49411	6
49813	8
49847	3
49881	13
49915	41
49949	2
49983	55
50408	5
50442	14
50476	187
50510	91
50544	18
50578	8
51004	1275
51038	29
51072	500
51106	365
51140	28
51174	196
51210	59
51657	16
51691	487
51725	352
51759	15
51793	183
51827	48
52299	278
52333	201
52367	13
52401	18
52435	46
52470	6
52504	16
52905	485
52939	350
52973	13
53007	248
53041	147
53075	12
53477	14
53511	19
53545	350
53579	13
53613	181
53647	46
54049	553
54083	14
54117	384
54151	249
54185	13
54219	80
54620	83
54654	30
54688	10
54723	283
54757	148
54791	13
55192	16
55226	83
55260	30
55294	10
55328	5
55362	48
55764	89
55798	16
55832	6
55866	352
55900	15
55934	183
55968	48
56370	555
56404	16
56438	386
56472	251
56506	15
56540	82
57107	20
57141	289
57175	19
57209	231
57243	52
57277	4
57311	18
57713	20
57747	10
57781	19
57815	19
57849	187
57883	91
57917	18
58319	20
58353	491
58387	356
58421	19
58455	187
58489	52
59008	543
59042	4
59077	296
59111	36
59145	305
59179	69
59604	250
59638	14
59672	91
59706	47
59740	8
59774	46
60199	25
60233	25
60301	260
60335	24
60370	90
60771	1156
60805	1108
60839	25
60873	395
60907	260
60941	125
61366	3
61400	474
61434	339
61469	1
61503	169
61537	34
61938	3
61972	3
62006	272
62040	46
62074	2
62108	69
62510	980
62544	898
62578	3
62612	474
62646	339
62680	2
62714	170
62748	35
63150	18
63184	3
63218	210
63252	36
63286	127
63320	69
63722	9
63756	3
63790	3
63824	65
63858	17
63892	2
64293	5
64327	274
64361	235
64396	3
64430	109
64464	36
64912	16
64946	458
64980	25
65015	293
65049	182
65083	23
65117	90
65542	7
65576	1
65610	1
65644	6
65678	34
65712	101
66137	32
66171	12
66205	7
66239	2
66273	11
66308	10
66342	58
66743	484
66777	12
66811	12
66845	281
66879	146
66913	11
67409	20
67443	400
67477	356
67512	18
67546	186
67580	51
68005	30
68039	400
68073	275
68107	29
68141	197
68175	158
68209	28
68611	30
68645	501
68679	366
68713	29
68747	197
68781	62
69253	600
69289	463
69321	27
69355	392
69390	261
69423	26
69458	92
69859	499
69895	314
69927	27
69961	219
69996	160
70029	26
70431	28
70465	90
70501	25
70533	8
70567	3
70602	112
70635	26
71131	59
71165	1
71199	6
71233	34
71267	202
71301	67
71703	79
71737	1
71771	1
71805	20
71839	15
71873	140
72322	51
72356	3
72390	12
72424	257
72458	21
72492	88
72917	264
72951	33
72985	182
73019	105
73054	31
73088	21
73513	380
73547	399
73581	9
73615	216
73649	143
73683	8
74084	6
74118	179
74153	139
74187	9
74221	57
74255	8
74656	11
74690	11
74724	1
74758	10
74792	10
74827	14
75228	565
75262	502
75296	11
75330	381
75364	246
75398	10
75432	77
75857	561
75891	22
75926	391
75960	256
75994	20
76028	87
76453	1682
76487	32
76521	503
76555	267
76589	31
76623	98
77072	558
77106	19
77140	389
77174	350
77208	18
77242	186
77276	51
77678	452
77712	19
77746	370
77780	254
77814	18
77848	85
78249	531
78284	5
78318	19
78352	389
78386	153
78420	18
78845	396
78879	266
78913	30
78947	179
78981	63
79015	24
79417	31
79451	180
79485	64
79519	25
79553	6
79587	1
79988	4
80022	27
80057	21
80091	2
80125	30
80159	49
80560	504
80594	18
80628	32
80662	301
80696	166
80730	31
81156	9
81190	379
81224	340
81258	8
81292	176
81326	41
81360	147
81785	169
81819	120
81853	14
81887	24
81921	4
81955	13
82380	7
82414	30
82449	10
82483	5
82517	28
82551	9
82585	4
83104	33
83138	13
83172	13
83207	281
83241	146
83275	11
83700	433
83734	384
83768	23
83802	292
83836	157
83870	22
83904	84
84329	6
84363	15
84397	10
84431	370
84465	33
84499	201
84534	65
84935	323
84969	34
85003	101
85037	168
85071	14
85105	23
85507	1
85541	472
85575	34
85609	202
85643	269
85677	33
86079	136
86113	1
86147	34
86181	15
86215	10
86249	5
86283	33
86684	2
86718	2
86753	6
86787	15
86821	202
86855	67
87280	12
87314	12
87348	483
87382	348
87416	11
87450	78
87899	33
87933	201
87967	90
88001	32
88035	8
88069	60
88494	10
88528	5
88562	15
88596	9
88630	4
88665	13
88699	7
89100	414
89134	10
89168	332
89202	269
89236	9
89270	177
89304	138
89729	2
89764	10
89798	178
89832	19
89866	96
89900	52
90301	21
90335	2
90369	473
90403	357
90438	19
90472	187
90506	52
90907	324
90941	21
90975	242
91009	179
91043	20
91077	97
91560	8
91594	301
91628	243
91662	7
91696	156
91731	39
92156	18
92190	388
92224	306
92258	17
92292	185
92326	50
92727	53
92761	14
92795	298
92830	253
92864	17
92898	84
93323	1
93357	10
93391	19
93425	28
93459	9
93493	95
93918	459
93952	410
93986	6
94020	314
94054	241
94088	5
94123	71
94524	1036
94558	545
94592	6
94626	376
94660	241
94694	5
94728	72
95130	416
95164	281
95198	6
95232	198
95266	140
95300	5
95820	43
95854	23
95888	4
95922	13
95956	109
95990	22
96024	27
96426	2121
96460	461
96494	23
96528	292
96562	157
96596	22
96997	25
97031	395
97065	58
97099	5
97134	191
97168	56
97593	540
97627	1
97661	371
97695	34
97729	226
97763	168
97797	33
98199	338
98233	1
98267	265
98301	34
98335	24
98369	67
98841	66
98875	4
98909	13
98977	65
99011	26
99413	33
99447	504
99481	369
99515	32
99549	200
99583	65
100008	10
100042	5
100076	481
100110	346
100145	8
100179	75
100604	6
100638	15
100672	10
100706	34
100740	19
100774	9
101175	12
101210	396
101244	20
101278	313
101312	255
101346	19
101380	86
101805	31
101839	12
101873	7
101907	2
101941	30
101975	299
102009	63
102411	469
102445	31
102479	300
102513	189
102547	30
102581	97
102983	426
103017	368
103051	31
103085	266
103119	165
103153	30
103554	33
103591	20
103625	15
103659	29
103693	197
103727	62
104128	469
104162	31
104197	299
104231	29
104265	29
104299	96
104771	28
104805	321
104841	261
104873	27
104907	190
104942	59
105343	404
105377	28
105411	297
105447	242
105479	27
105513	94
105915	500
105949	365
105983	28
106017	33
106053	160
106085	27
106486	30
106520	299
106554	63
106589	23
106659	59
107058	569
107092	30
107126	97
107160	15
107194	24
107228	298
107265	160
107297	27
107698	30
107732	501
107766	366
107800	29
107834	197
107868	62
108530	6
108564	174
108598	63
108632	5
108666	24
108700	4
109101	41
109135	411
109170	275
109204	140
109238	5
109272	24
109306	4
109754	552
109790	502
109823	26
109857	396
109891	160
109925	25
110326	28
110360	499
110396	362
110428	27
110462	195
110497	59
111063	239
111097	166
111131	31
111165	199
111200	1
111234	24
111659	8
111693	277
111727	195
111761	7
111795	113
111829	40
112230	548
112265	8
112299	378
112333	243
112367	7
112401	74
112826	2275
112860	19
112894	490
112928	355
112962	18
112996	186
113030	51
113432	1164
113466	19
113500	490
113534	355
113568	18
113602	85
114051	444
114085	6
114119	275
114153	179
114187	5
114221	72
114622	460
114657	343
114691	6
114725	241
114759	140
114793	5
115194	8
115228	489
115262	344
115296	7
115331	198
115365	140
115399	5
115824	8
115858	354
115892	17
115926	185
115960	31
115994	16
116395	19
116464	253
116498	17
116532	286
116566	50
30184	563
30219	485
30253	436
30287	373
30321	296
30355	248
30803	261
30838	212
30872	163
30906	86
30940	9
30974	4
31375	50
31409	2
31443	1598
31477	1506
31546	1452
31947	1022
31981	569
32049	11
32083	6
32117	304
32613	96
32647	33
32681	14
32715	9
32750	17
32784	170
33219	385
33253	279
33287	230
33321	153
33355	90
33804	2296
33838	2247
33872	2185
33906	2107
33974	308
34008	245
34410	2
34444	1540
34478	1492
34512	1386
34546	1410
34982	901
36183	1028
36217	979
36251	931
36285	868
36319	820
36387	88
36789	321
36823	272
36857	224
36891	176
37361	9
37395	3
37429	27
37463	426
37497	2
37531	329
37956	5
38024	67
38058	19
38092	13
38126	8
38551	2
38585	357
38619	294
38654	245
38688	124
38722	76
39228	1633
39262	1570
39296	1479
39330	348
39364	285
39766	13
39800	8
39834	926
39868	878
39902	815
39936	391
39970	343
40395	19
40429	259
40463	23
40497	4
40531	114
40566	50
40967	1077
41001	971
41035	923
41069	874
41103	783
41586	127
41620	20
41654	30
41688	10
41722	19
41756	29
42158	1791
42192	1743
42226	1651
42260	1602
42328	885
42753	431
42787	383
42821	3
42855	300
42889	238
43396	452
43430	404
43464	326
43498	278
43534	271
43967	415
44002	19
44036	331
44070	269
44104	206
44140	155
44172	109
44597	1
44631	25
44665	337
44699	274
44733	154
44767	105
45192	1210
45226	1161
45329	106
45363	14
45764	537
45798	445
45832	397
45866	493
45900	300
45934	251
45969	173
46370	3
46404	56
46438	7
46472	2
46506	11
46540	6
46574	15
46976	1172
47010	1123
47044	1075
47078	1026
47146	396
47666	424
47700	318
47734	269
47768	149
48237	546
48272	496
48306	390
48340	342
48374	279
48408	230
48856	28
48891	7
48925	2
48959	26
49027	30
49428	2745
49462	2697
49496	2172
49565	69
49599	20
50024	158
50058	66
50092	18
50126	1499
50160	8
50194	31
50595	1016
50629	491
50698	350
50732	301
50766	253
51167	25
51201	323
51235	260
51269	183
51303	134
51338	85
51739	362
51773	25
51807	20
51841	231
51875	168
51909	120
51943	28
52345	3753
52379	3704
52413	2444
52447	2396
52481	2347
52515	2299
52940	1859
52974	1811
53042	185
53536	1234
53570	1172
54892	1148
54926	32
54994	974
55028	926
55062	877
55130	218
55532	3
55566	359
55668	242
56103	976
56137	928
56171	879
56240	550
56274	387
56699	63
56733	14
56767	9
56801	18
56835	85
56869	8
56903	3
57373	947
57407	898
57441	836
57876	415
57910	266
57945	216
58448	983
58482	934
58516	886
58584	24
58618	712
59044	257
59078	209
59112	160
59615	3
59649	1427
59683	1090
59752	25
59786	6
60211	518
60245	470
60279	407
60313	142
60347	22
60381	60
60782	5
60817	230
60851	181
60885	133
60919	70
60953	22
61388	250
61422	159
61456	67
61491	3
61525	27
61559	7
61960	270
61994	207
62028	159
62062	96
62096	33
62130	13
62532	1
62566	10
62600	5
62702	76
63138	6479
63240	1053
63723	6472
63757	277
63791	199
64318	19
64352	28
64386	8
64420	3654
64454	12
64488	3513
64958	42
65026	32
65060	142
65564	865
66605	415
67248	133
67282	85
67384	560
67418	511
67945	13
67979	8
68014	31
68439	1164
68473	1101
68507	14
68541	139
68575	90
68609	13
69010	550
69044	501
69078	453
69113	403
69147	355
69629	17
69663	474
69697	425
69732	376
69766	328
69800	250
70225	27
70259	22
70293	3
70327	26
70361	7
70395	16
70429	617
70831	200
70865	51
70899	3
70933	12
70967	7
71001	2
71473	6
71507	1
71541	10
71575	62
71609	14
71644	22
72045	11
72079	20
72113	15
72147	1482
72181	1433
72674	276
72708	55
72743	5
72777	29
72811	10
73236	320
73270	272
73304	7
73338	175
73372	127
73406	64
73831	3434
73865	3371
73935	1641
73967	1595
74474	1030
74508	982
74542	933
74576	856
74610	779
75688	1173
75722	965
75756	802
75790	753
75824	633
75858	844
76464	50
76947	274
76981	226
77015	163
77049	115
77083	52
77117	3
77566	30
77600	11
77634	222
77668	130
77702	140
77736	19
77770	14
78172	2
78206	25
78240	439
78274	376
78308	327
78342	279
78376	216
78825	12
78859	7
78893	31
78927	5004
78995	3320
79431	12
79465	1638
79499	1575
79533	1526
79567	1435
79601	1372
80037	344
81180	961
81214	913
81248	865
81718	380
82337	1536
82371	1473
82405	1396
82439	1217
82473	1155
82507	1048
83095	100
83197	27
83680	92
83714	29
83748	9
83782	4
83816	14
83850	8
83884	3
84309	11
84377	592
84411	501
84446	451
84480	403
84514	8
84915	83
84949	6
84983	1
85017	10
85051	63
85085	14
85487	3941
85521	3892
85555	338
85589	275
85623	255
85657	106
86082	3317
86116	3225
86150	3148
86185	1598
86219	1420
87260	278
87866	1331
87900	1196
87934	267
87968	46
88036	151
88461	621
88495	572
89101	24
89135	19
89169	14
89203	8
89699	292
89733	200
89767	151
89801	31
89835	26
89870	20
90342	9
90376	19
90410	187
90444	138
90478	90
90512	12
90914	14
90948	211
90982	62
91016	13
91050	95
91084	32
91118	12
91543	20
91577	58
91611	10
91645	5
91679	29
91713	9
92162	65
92196	17
92230	11
92264	6
92298	1
92332	10
92366	5
92791	1052
92860	2
92894	26
92928	323
92962	275
93363	437
93397	388
93431	325
93465	277
93500	199
93534	150
93935	9
93969	18
94003	446
94037	398
94071	349
94105	301
94530	193
94565	57
94599	9
94633	61
94667	13
94701	8
94735	219
94769	156
95218	10
95252	5
95286	14
95320	9
95354	4
95388	13
95789	2
95823	3286
95858	3237
95892	3174
95926	3155
96385	26
96419	7
96453	2
96487	11
96957	1619
97025	382
97059	290
97528	9
97596	446
97631	194
98100	490
98134	355
98202	258
98672	33
98706	14
98740	312
98774	234
98808	172
98842	94
99267	275
99301	227
99335	34
99369	144
99404	8
99438	18
99839	338
99873	275
99907	212
99941	164
99975	159
100009	67
100482	1960
100516	1898
100550	1849
100584	1786
100618	641
100652	492
100686	443
100720	337
101169	33
101205	11
101237	8
101306	819
101741	370
101775	307
101811	155
101843	224
102346	10
102380	5
102417	11
102449	8
102483	941
102518	429
102918	130
102952	68
102986	19
103020	14
103089	17
103605	338
103639	88
103673	10
103708	4
103742	187
104143	2238
104177	11
104211	2156
104245	2108
104313	48
104740	1425
104772	22
104807	2
104841	1310
104875	1261
105346	25
105916	191
106593	467
106627	346
106661	254
106695	18
106729	157
106763	109
107212	1031
107246	59
107280	10
107314	842
107382	183
107783	474
107818	280
107852	232
107886	97
107920	34
107954	15
108379	6458
108413	6395
108481	512
108515	464
108549	386
108583	280
108985	4005
109019	1734
109053	1686
109121	1329
109155	487
109189	396
109614	14
109648	52
109682	4
109716	691
109750	51
109819	530
110356	22
110390	3
110826	57
110860	9
110894	1461
110928	518
110996	363
111489	851
111523	803
111558	725
111592	676
112289	8
112714	261
112748	198
112782	92
112816	29
112851	9
112885	18
112921	11
113320	1473
113354	11
113388	1391
113456	82
113490	34
113892	872
113926	824
113960	776
113994	727
114028	664
114702	5
115127	171
115161	22
115195	89
115229	26
115263	6
115723	354
115757	306
115791	157
115825	108
115859	60
115893	11
116318	19
116352	14
116386	9
116420	451
116456	11
116488	369
30004	269
30038	33
30072	174
30106	66
30602	2888
30636	39
30670	2732
30704	2673
30738	38
30773	347
30808	69
31300	261
31334	25
31368	597
32504	92
33041	60
33076	10
33110	193
33144	58
33212	64
33613	2114
33647	58
33681	1945
33715	1924
33750	1851
33818	672
34314	1514
34348	1418
34382	32
34416	48
34484	29
34885	34
34919	389
34953	269
34988	30
35022	99
35457	68
35491	19
35525	86
35559	92
35593	6
35627	85
36029	1112
36063	573
36097	34
36131	402
36165	269
36199	33
36233	100
36706	31
36740	300
36774	239
36808	28
36842	35
36876	113
36910	27
37311	30
37345	516
37380	367
37414	28
37448	237
37482	162
37954	298
37988	249
38022	28
38056	169
38090	100
38124	27
38526	14
38560	298
38594	176
38628	26
38662	95
38696	34
38730	12
39132	14
39166	34
39200	35
39234	13
39268	196
39302	61
39727	38
39761	511
39797	71
39829	542
39863	308
39898	170
39931	38
40522	53
40556	4
40590	1008
40624	456
40658	18
40692	300
40726	51
41128	482
41162	17
41196	338
41230	267
41264	16
41298	83
41723	13
41757	30
41791	400
41825	265
41859	29
41893	94
42295	10
42329	13
42363	28
42397	70
42431	12
42465	29
42890	451
42924	376
42958	53
42992	409
43026	175
43061	39
43509	69
43543	11
43577	13
43611	7
43645	34
43680	24
44105	18
44140	347
44173	38
44207	292
44241	211
44275	37
44309	104
44343	83
44746	20
44779	11
44813	509
44847	374
44881	35
44915	203
44949	68
45352	273
45384	39
45418	180
45453	110
45487	50
45521	3
45922	900
45958	852
45990	39
46024	409
46059	273
46092	38
46518	16
46552	184
46586	49
46620	28
46654	20
46688	61
47113	25
47147	269
47181	262
47215	24
47249	93
47283	44
47685	10
47719	27
47753	6
47787	33
47821	39
47855	91
48281	172
48314	36
48348	90
48382	84
48416	340
48450	205
48484	70
48957	102
48991	17
49025	7
49059	101
49093	40
49127	18
49529	8
49563	1716
49597	1633
49631	32
49665	404
49699	282
49733	33
50134	36
50168	507
50203	369
50237	32
50271	200
50305	65
50730	46
50764	414
50798	281
50832	43
50866	110
50900	51
51302	684
51336	46
51370	416
51404	281
51438	45
51472	186
51506	76
51978	1121
52012	479
52046	43
52080	312
52115	174
52149	41
52550	42
52584	488
52618	378
52652	41
52686	211
52720	76
53122	27
53156	549
53190	412
53224	279
53258	41
53292	149
53326	76
53751	558
53785	21
53819	391
53853	256
53888	19
53922	86
54323	493
54357	55
54391	34
54425	290
54459	155
54493	20
54895	22
54929	493
54963	356
54997	34
55031	189
55065	54
55514	413
55548	74
55582	244
55616	195
55650	149
55684	39
56109	18
56143	489
56177	354
56211	17
56245	185
56280	49
56681	936
56715	33
56749	880
56783	457
56817	19
56851	288
56885	151
57287	79
57321	20
57355	25
57389	154
57423	19
57457	71
57882	236
57916	31
57950	98
57984	37
58018	43
58053	45
58454	37
58488	34
58522	31
58556	273
58590	165
58624	30
59049	9
59083	379
59118	41
59152	209
59186	74
59220	13
59621	43
59655	514
59689	379
59723	55
59757	210
59791	88
60193	77
60227	16
60261	413
60295	352
60329	42
60363	109
60765	111
60799	26
60833	28
60867	59
60901	76
60935	27
61336	18
61371	23
61405	77
61439	346
61473	211
61507	76
61932	558
61966	21
62000	26
62034	357
62068	20
62102	87
62504	493
62538	358
62572	19
62606	228
62640	153
62674	18
63099	1755
63133	470
63167	32
63201	301
63235	166
63269	29
63694	1134
63728	481
63763	42
63797	311
63831	188
63865	41
64290	20
64324	491
64358	442
64392	17
64426	288
64460	153
64494	16
64896	5
64930	27
64964	354
64998	17
65032	185
65066	50
65609	315
65643	182
65677	45
65711	99
65745	29
65779	19
66181	48
66215	128
66249	256
66283	72
66317	13
66351	80
66753	31
66787	61
66821	266
66855	283
66889	45
66923	127
66957	78
67382	362
67416	23
67450	193
67484	58
67518	9
67552	40
68048	502
68082	51
68117	31
68151	298
68185	165
68219	30
68620	31
68654	477
68688	408
68722	32
68756	301
68791	64
69192	67
69226	18
69260	49
69294	91
69328	5
69362	11
69764	86
69798	16
69832	6
69866	214
69900	167
69934	45
69968	72
70393	16
70427	44
70461	412
70495	277
70529	43
70564	107
70965	384
70999	319
71033	42
71067	224
71101	50
71135	43
71169	83
71571	11
71605	16
71639	44
71673	111
71707	62
71741	16
72143	18
72177	97
72211	16
72245	17
72279	210
72313	90
72714	457
72748	44
72783	314
72817	51
72851	57
72885	124
73286	518
73320	29
73354	46
73388	315
73422	180
73457	44
73858	45
73892	693
73926	484
73960	44
73994	214
74028	79
74430	79
74464	20
74498	63
74532	18
74566	46
74600	113
75025	597
75059	462
75093	24
75127	293
75161	158
75195	23
75597	10
75631	30
75665	31
75699	24
75733	29
75767	57
76169	32
76203	10
76237	30
76271	31
76305	24
76339	91
76740	6
76775	32
76809	10
76843	4
76877	184
76911	24
77454	1701
77488	457
77522	19
77556	288
77590	153
77624	18
78026	20
78060	996
78094	558
78128	19
78162	288
78196	153
78230	18
78655	98
78689	37
78723	15
78757	210
78791	12
78825	42
79227	31
79261	401
79295	279
79329	30
79363	97
79397	12
79917	48
79951	517
79985	773
80019	45
80053	316
80087	181
80121	46
80546	23
80580	142
80614	97
80648	24
80683	2
80717	29
81118	32
81152	25
81220	159
81254	24
81288	104
81690	5
81758	23
81792	41
81826	43
81860	24
82262	39
82296	295
82330	32
82364	25
82398	178
82432	71
82466	24
82867	27
82901	144
82936	59
82970	10
83004	4
83038	31
83072	9
83473	27
83507	397
83541	33
83575	26
83610	193
83644	58
84045	364
84079	25
84113	94
84147	33
84181	11
84215	93
84617	7
84651	10
84685	12
84719	92
84753	33
84787	11
84821	31
84855	59
85328	3
85363	54
85397	7
85431	27
85465	28
85499	21
85901	23
85935	90
85969	29
86003	7
86037	27
86071	28
86105	21
86507	23
86541	366
86575	308
86609	35
86643	190
86677	53
87079	42
87113	23
87147	2
87181	81
87215	35
87249	27
87650	4
87684	43
87718	49
87753	103
87787	29
87821	22
88269	17
88303	43
88337	615
88372	479
88406	346
88440	211
88474	76
89088	472
89122	34
89156	303
89190	67
89224	18
89258	100
89659	15
89728	34
89762	39
89796	16
89830	33
90255	315
90289	193
90323	45
90357	112
90391	27
90425	29
90827	46
90861	416
90895	17
90929	45
90963	213
90997	78
91422	373
91456	21
91490	191
91524	54
91558	224
91592	74
91994	3
92028	96
92062	23
92096	2
92130	29
92164	20
92589	506
92623	17
92657	34
92691	303
92725	166
92760	30
93255	15
93289	311
93324	225
93358	40
93392	107
93428	56
93827	162
93861	42
93895	21
93929	24
93963	41
93998	92
94034	44
94480	42
94514	399
94548	338
94582	41
94617	281
94651	211
94685	26
94719	93
95145	20
95178	38
95212	482
95246	273
95280	37
95314	104
95739	21
95773	453
95807	15
95841	282
95875	48
95910	112
96335	482
96369	436
96403	25
96437	294
96471	58
96505	125
96906	12
96940	6
96974	33
97009	10
97043	4
97077	159
97502	37
97536	356
97570	70
97604	312
97638	202
97672	67
98121	9
98155	3
98189	30
98223	8
98257	191
98291	56
98716	35
98750	491
98784	81
98818	477
98852	303
98886	168
98921	45
99322	35
99356	302
99390	219
99424	34
99458	101
99492	80
100012	1334
100046	18
100080	489
100114	367
100148	17
100182	183
100216	50
100618	52
100652	521
100686	23
100720	352
100754	15
100788	185
100822	50
101247	29
101281	8
101315	11
101349	13
101383	93
101417	46
101819	12
101853	14
101887	298
101921	176
101955	28
101989	44
102414	74
102448	25
102482	307
102518	185
102551	38
102585	54
102986	512
103020	72
103054	13
103088	309
103124	172
103156	39
103558	39
103592	209
103626	188
103660	40
103694	92
103730	44
104130	13
104164	14
104198	20
104232	377
104266	38
104300	208
104701	527
104735	429
104770	41
104804	310
104838	173
104872	38
105297	17
105331	187
105365	65
105399	18
105433	34
105467	63
105892	28
105926	9
105960	36
105994	14
106028	8
106063	162
106511	15
106545	284
106579	63
106613	14
106647	32
106682	46
107083	24
107117	15
107151	259
107185	151
107219	14
107253	21
107655	23
107689	20
107723	15
107757	22
107791	63
107825	16
108227	31
108295	303
108329	17
108363	185
108397	50
108822	29
108856	498
108890	451
108924	26
108958	297
108992	162
109026	25
109428	14
109496	365
109530	26
109564	196
109598	59
110000	581
110034	29
110068	397
110102	161
110136	28
110170	194
110571	502
110605	481
110639	30
110674	298
110708	163
110742	28
111167	308
111235	38
111269	157
111305	84
111337	37
111786	396
111820	349
111854	27
111888	195
111922	110
111956	26
112381	5
112416	71
112449	23
112483	280
112517	170
112551	37
113000	293
113034	360
113068	38
113102	166
113136	108
113170	22
113596	15
113630	18
113664	20
113698	302
113732	167
113766	32
114167	35
114201	104
114235	43
114269	21
114304	14
114338	167
114372	32
114797	114
114831	29
114865	19
114899	414
114933	79
114967	30
115001	211
115403	329
115437	80
115471	31
115505	199
115539	205
115573	58
115974	48
116008	416
116043	80
116077	31
116111	227
116145	79
116546	31
116580	21
116682	45
116751	77
30416	34
30450	505
30484	370
30518	33
30552	201
30587	65
31035	21
31069	2916
31103	2818
31137	20
31171	2309
31206	52
31607	1166
31641	21
31675	492
31709	357
31743	20
31777	87
32202	470
32236	32
32270	301
32305	165
32339	30
32373	76
32821	558
32855	19
32889	288
32924	218
32958	17
32992	84
33488	396
33522	261
33556	25
33590	187
33624	124
33658	24
34083	3
34117	1117
34151	1046
34185	2
34219	170
34253	35
34655	60
34689	3
34723	410
34757	339
34791	2
34825	170
34859	35
35308	56
35342	8
35376	23
35410	595
35444	460
35478	22
36069	542
36103	3
36137	381
36171	339
36205	2
36239	69
36674	442
36708	4
36743	272
36777	137
36811	2
37212	5
37246	476
37280	341
37314	4
37348	172
37382	37
37784	4361
37818	5
37852	476
37886	341
37920	4
37954	71
38403	26
38437	598
38471	463
38505	25
38539	294
38573	159
38607	24
39103	33
39137	403
39171	268
39205	32
39239	99
39274	58
39675	572
39709	33
39743	403
39777	268
39811	32
39845	99
40247	404
40281	471
40315	33
40349	201
40383	66
40819	34
40853	404
40887	471
40921	33
40955	201
40989	66
41438	425
41472	88
41574	87
41608	356
42091	11
42125	6
42159	7
42193	377
42227	242
42261	6
42295	73
42720	355
42754	18
42788	186
42822	88
42856	17
42890	6
43292	591
43326	456
43360	18
43394	287
43428	152
43462	17
43958	26
43992	1002
44026	463
44060	25
44094	193
44128	58
44577	13
44611	282
44645	98
44679	12
44713	15
44747	45
45220	475
45254	426
45288	9
45322	278
45356	143
45390	8
45815	226
45849	19
45883	20
45917	23
45951	76
45985	19
46434	75
46468	20
46502	1
46536	25
46570	48
46604	6
47030	2913
47064	455
47098	17
47132	286
47166	151
47200	16
47601	19
47635	2207
47669	565
47703	18
47738	424
47772	353
47806	16
48207	625
48241	490
48275	355
48309	18
48343	186
48377	51
48850	588
48884	57
48918	15
48952	385
48988	147
49020	14
49445	348
49479	60
49513	5
49547	15
49581	10
49615	134
49650	91
50099	551
50132	13
50166	383
50200	248
50234	12
50269	78
50670	384
50705	11
50738	13
50772	31
50806	147
50840	12
51242	14
51276	580
51311	450
51344	13
51378	282
51412	147
51446	12
51871	1211
51905	462
51939	24
51973	293
52007	158
52042	22
52467	1
52501	472
52535	34
52569	297
52603	269
52637	33
52671	100
53072	2
53107	4
53141	34
53175	202
53209	269
53243	33
53691	393
53726	257
53760	21
53794	111
53828	54
53862	14
54287	1110
54321	975
54355	32
54389	402
54423	267
54457	31
54859	33
54893	302
54927	17
54961	32
54995	107
55029	65
55430	573
55464	34
55499	403
55533	66
55567	234
55601	99
56049	3959
56083	21
56118	390
56152	255
56186	19
56220	152
56254	52
56679	31
56713	603
56747	468
56781	30
56815	299
56849	164
56883	29
57332	489
57366	354
57400	17
57434	20
57468	151
57502	16
57904	18
57938	1701
57972	455
58006	17
58040	286
58074	151
58475	558
58510	18
58544	287
58578	354
58612	17
58646	84
59047	390
59081	18
59115	19
59149	187
59184	16
59218	17
59666	328
59700	265
59734	245
59768	174
59803	133
59837	4
60262	488
60330	16
60364	285
60398	150
60432	15
60466	76
60915	542
60949	3
60983	373
61017	238
61051	2
61085	69
61486	476
61521	363
61555	3
61589	272
61623	137
61657	2
62224	1758
62258	7
62292	478
62326	343
62360	6
62394	174
62428	39
62829	547
62863	8
62898	377
62932	242
62966	6
63000	73
63425	355
63459	18
63493	252
63527	189
63561	17
63595	84
64020	568
64054	29
64088	399
64122	264
64156	28
64191	94
64592	62
64626	14
64660	8
64694	96
64728	13
64762	7
65164	30
65198	322
65232	265
65266	29
65300	148
65334	62
65736	569
65770	30
65804	452
65838	63
65872	332
65906	197
65940	62
66389	17
66423	387
66457	252
66491	16
66525	149
66559	49
66960	334
66994	286
67029	193
67063	151
67097	16
67131	48
67556	62
67590	22
67624	2
67658	12
67692	6
67726	1
68128	653
68162	466
68196	28
68230	349
68264	263
68298	27
68723	6
68757	9
68791	4
68825	5
68859	173
68893	46
68927	4
69329	6
69363	52
69397	4
69431	5
69465	173
69499	38
69901	48
69935	6
69969	9
70003	443
70037	5
70071	274
70105	38
70530	17
70564	387
70598	252
70632	16
70666	135
70700	49
71102	354
71136	17
71170	265
71204	50
71238	212
71272	149
71306	86
71340	15
71814	450
71847	13
71881	16
71915	248
71949	12
71983	79
72384	249
72420	199
72452	14
72487	117
72521	54
72555	12
72956	15
72990	486
73026	349
73058	14
73092	182
73127	46
73552	25
73586	395
73620	167
73654	24
73688	91
73722	51
74123	342
74157	26
74191	246
74225	59
74260	133
74294	91
74328	36
74824	2
74858	11
74892	6
74926	1
74960	10
74994	5
75395	3535
75464	32
75498	402
75532	166
75566	31
75967	34
76001	505
76035	370
76069	33
76103	201
76138	65
76539	2290
76573	34
76607	303
76641	370
76675	33
76709	100
77111	1
77145	472
77179	34
77213	202
77247	269
77683	505
77717	1
77751	371
77785	34
77819	101
77853	168
78312	12
78346	477
78380	348
78414	11
78448	179
78482	44
78907	2
78941	12
78975	21
79010	21
79044	154
79078	5
79112	20
79513	23
79547	393
79581	353
79615	22
79649	190
79684	54
80109	33
80143	504
80177	369
80211	32
80245	200
80279	65
80798	434
80833	16
80867	285
80901	245
80935	15
80969	82
81417	3
81452	3
81486	373
81520	238
81554	2
81588	69
81989	577
82023	61
82057	4
82091	374
82126	238
82160	2
82194	69
82595	274
82629	176
82663	4
82697	94
82731	45
82765	3
83190	2371
83227	450
83259	14
83293	283
83328	147
83361	13
83762	16
83796	386
83830	1665
83864	15
83899	182
83934	46
83967	316
84368	16
84402	487
84436	352
84470	15
84504	183
84540	46
84940	353
84974	16
85008	221
85042	158
85076	15
85110	82
85512	6
85546	1
85648	86
85682	15
85716	4
86117	7
86152	1
86186	16
86220	184
86254	86
86288	15
86689	12
86723	21
86791	17
86826	184
86860	49
87356	326
87390	24
87424	200
87458	158
87492	23
87526	55
87927	15
87961	10
87995	25
88030	495
88064	360
88098	23
88132	90
88557	574
88591	439
88625	1
88659	68
88693	28
88727	101
88761	168
89163	409
89197	361
89231	1
89265	270
89299	34
89333	101
89734	3
89768	987
89803	439
89837	1
89871	270
89905	34
90330	13
90364	383
90398	343
90432	12
90466	180
90500	45
90903	1497
90936	13
90970	383
91004	248
91038	12
91072	79
91497	563
91531	24
91565	394
91599	259
91633	23
91667	90
92069	317
92103	260
92137	24
92171	186
92205	123
92239	23
92688	281
92722	45
92756	5
92824	81
92858	10
93260	12
93294	382
93328	10
93362	11
93396	179
93430	44
93855	23
93889	2514
93923	561
93957	22
93991	392
94025	257
94059	21
94093	88
94495	1201
94529	561
94563	22
94597	392
94631	257
94665	21
94699	88
95101	315
95135	359
95169	22
95203	89
95237	34
95271	15
95305	88
95707	632
95741	460
95775	22
95809	291
95843	156
95877	21
96373	9
96407	400
96441	265
96475	29
96509	96
96543	56
96968	344
97002	7
97036	175
97070	5
97104	6
97139	51
97564	59
97598	17
97632	6
97666	1
97700	16
97734	83
98135	591
98169	522
98203	18
98238	387
98272	390
98306	16
98340	184
98374	49
98870	528
98904	24
98938	394
98972	259
99006	23
99040	90
99465	34
99499	35
99533	405
99567	270
99601	34
99635	101
100061	584
100095	449
100129	11
100163	280
100197	145
100231	10
100265	1996
100714	32
100748	503
100782	368
100816	31
100850	199
100884	64
101285	572
101319	33
101353	403
101388	166
101422	31
101456	199
101881	331
101915	282
101949	9
101983	200
102017	143
102051	8
102476	391
102510	91
102544	20
102578	297
102612	154
102646	19
103072	1246
103106	468
103140	30
103174	299
103208	164
103242	29
103667	8
103701	479
103735	344
103769	7
103803	175
103837	40
104333	14
104367	15
104401	385
104437	248
104469	14
104504	80
104905	4333
104939	4291
104973	15
105007	486
105043	349
105075	14
105109	81
105534	565
105568	26
105603	395
105637	260
105671	24
105705	91
106130	3094
106164	541
106198	2
106232	372
106266	237
106300	1
106334	68
106760	551
106793	13
106827	282
106861	46
106896	1021
106930	78
107355	461
107389	23
107423	358
107457	258
107491	22
107525	155
107559	55
108008	10
108042	1167
108076	548
108110	9
108144	379
108178	143
108212	8
108684	445
108718	7
108753	275
108787	39
108821	374
108855	72
109351	81
109386	25
109419	7
109453	282
109487	147
109521	12
109922	15
109956	587
109992	450
110025	13
110059	282
110093	147
110127	12
110623	21
110657	492
110691	357
110725	20
110759	188
110793	53
111195	496
111229	21
111263	391
111297	256
111331	20
111365	87
111766	26
111800	460
111834	22
111869	385
111903	256
111937	20
111971	87
112372	26
112406	7
112440	16
112474	89
112508	34
112542	15
112968	1508
113002	66
113036	11
113070	402
113104	166
113138	31
113539	34
113573	505
113607	370
113642	32
113676	200
113710	65
114111	336
114145	34
114179	254
114213	205
114247	33
114281	100
114683	1
114717	451
114751	34
114785	202
114819	269
114853	33
115255	540
115289	1
115323	423
115357	34
115391	202
115425	269
115459	33
115931	470
115965	32
115999	200
116034	144
116068	30
116102	62
116537	66
116639	166
116673	31
30009	11
30043	1
30077	7
30526	4
30560	1
30594	7
30628	3
30662	15
30696	6
31098	8
31132	4
31166	1
31200	7
31234	3
31268	13
31740	2
31774	12
31808	5
31842	16
31877	10
31911	3
32312	6
32346	21
32380	14
32414	5
32448	16
32482	13
33002	11
33036	3
33070	4
33104	10
33138	2
33172	15
33574	1
33608	10
33642	3
33676	4
33710	10
33744	2
34146	4
34180	1
34214	10
34248	3
34282	4
34316	10
34717	13
34751	5
34785	6
34819	12
34854	3
34888	4
35289	7
35323	12
35357	5
35391	6
35425	12
35459	4
35932	10
35966	2
36000	3
36034	9
36068	1
36102	2
36503	1
36537	10
36572	2
36606	3
36640	9
36674	1
37146	8
37180	11
37214	1
37248	7
37282	10
37316	12
37741	4
37777	9
37810	7
37844	4
37878	9
37912	10
38313	9
38347	4
38383	9
38415	8
38449	3
38484	9
38932	12
38966	6
39000	9
39034	26
39068	5
39103	7
39551	14
39585	5
39619	16
39653	13
39687	4
39722	14
40123	2
40157	12
40191	5
40225	20
40259	11
40293	4
40327	15
40871	5
40905	12
40939	13
40973	6
41009	9
41041	12
41442	11
41476	8
41510	1
41545	9
41579	6
41615	9
41647	12
42072	3
42106	9
42140	20
42174	2
42208	8
42242	19
42276	1
42701	8
42735	2
42769	1
42803	6
42837	10
42872	9
43344	8
43378	8
43412	3
43446	7
43480	7
43514	3
43963	15
43997	12
44031	3
44065	18
44099	11
44133	2
44535	4
44569	19
44603	12
44637	3
44671	14
44705	9
45154	5
45188	2
45222	12
45256	4
45290	5
45324	11
45749	2
45784	16
45818	9
45852	14
45886	15
45920	8
45954	13
46403	3
46437	9
46471	1
46505	2
46539	8
46573	11
46974	3
47008	4
47042	9
47077	1
47111	2
47145	7
47546	11
47580	3
47614	4
47648	10
47682	2
47716	3
48189	2
48223	1
48257	6
48291	1
48325	10
48359	5
48760	9
48795	11
48829	1
48863	7
48897	10
48931	12
49356	6
49392	9
49424	12
49458	5
49493	9
49526	23
49560	4
49962	6
49998	9
50030	12
50064	3
50099	9
50132	11
50557	2
50591	8
50625	4
50659	1
50693	7
50727	18
51129	20
51163	2
51197	8
51231	23
51265	1
51299	7
51701	9
51735	20
51769	2
51803	8
51837	4
51871	1
52272	2
52306	10
52341	5
52375	2
52409	8
52443	19
52844	2
52878	2
52912	10
52946	1
52980	3
53015	8
53487	1
53521	7
53555	3
53589	15
53623	6
53657	21
54224	11
54258	2
54292	4
54326	10
54360	1
54394	3
54937	5
54971	20
55005	13
55040	3
55074	14
55108	9
55533	3
55567	6
55601	6
55635	1
55669	5
55703	5
56105	7
56139	2
56173	6
56207	6
56241	1
56275	5
56700	4
56734	1
56768	6
56802	3
56836	12
56870	5
57319	7
57353	1
57387	4
57421	6
57455	12
57489	3
57891	5
57925	7
57959	1
57993	4
58027	6
58061	12
58462	3
58497	5
58531	7
58565	1
58599	4
58633	4
58667	12
59092	5
59126	6
59160	12
59194	4
59228	17
59262	11
59687	2
59721	17
59755	10
59790	14
59824	15
59858	8
60283	12
60317	3
60351	5
60385	11
60419	2
60453	4
60487	10
60912	3
60946	4
60980	10
61014	2
61048	3
61083	8
61484	11
61518	3
61552	4
61586	10
61620	2
61654	3
62056	5
62090	11
62124	3
62158	4
62192	10
62226	2
62627	5
62662	1
62696	10
62730	3
62764	4
62798	9
63199	12
63233	5
63267	2
63301	11
63336	3
63370	4
63771	7
63805	13
63839	5
63873	6
63907	11
63941	4
63975	1
64377	7
64411	13
64445	5
64479	2
64513	11
64547	4
64949	6
64983	7
65017	12
65051	5
65085	6
65119	12
65520	2
65555	6
65589	3
65623	12
65657	5
65691	2
66092	9
66126	2
66160	7
66194	8
66229	13
66263	5
66664	8
66698	5
66732	2
66766	7
66800	8
66834	1
67236	1
67270	8
67304	5
67338	2
67372	7
67406	4
67949	10
67983	2
68017	3
68051	8
68086	11
68120	1
68568	9
68602	5
68636	2
68670	8
68705	3
68739	28
68773	6
69221	11
69255	2
69289	9
69324	21
69358	2
69392	7
69794	9
69827	38
69861	2
69895	9
69929	10
69963	3
70412	8
70446	10
70480	4
70514	7
70548	9
70582	2
70984	4
71018	8
71052	10
71086	3
71120	7
71154	9
71188	3
71590	5
71624	8
71658	10
71692	4
71726	7
71760	49
71794	3
72243	59
72277	12
72311	3
72345	18
72379	11
72413	2
72815	4
72849	31
72883	12
72917	3
72951	14
72985	11
73434	5
73468	6
73502	12
73536	4
73570	1
73604	11
73638	3
74063	13
74097	8
74131	1
74165	16
74199	7
74233	14
74658	4
74692	6
74727	11
74761	2
74795	4
74829	10
75230	1
75266	2
75300	4
75334	10
75368	1
75402	3
75804	5
75838	11
75872	2
75906	4
75940	10
75974	1
76399	4
76433	10
76467	2
76501	3
76535	9
76569	1
76971	3
77005	4
77039	10
77073	2
77107	3
77141	9
77613	2
77647	8
77681	11
77715	1
77750	6
77784	9
78256	5
78290	8
78324	10
78358	4
78392	7
78426	9
78851	3
78885	8
78919	9
78953	2
78988	6
79022	7
79056	13
79552	9
79586	14
79620	15
79654	6
79688	1
79722	10
80123	13
80157	8
80192	14
80226	15
80260	6
80294	13
80328	14
80776	10
80811	1
80845	2
80879	8
80913	31
80947	1
81490	3
81524	6
81558	8
81592	1
81626	5
81660	5
82109	2
82143	13
82177	8
82211	1
82245	12
82279	9
82728	3
82762	4
82796	10
82830	2
82864	3
82898	9
82932	1
83334	3
83368	4
83402	10
83436	2
83470	3
83504	9
83906	11
83940	3
83974	4
84008	10
84042	2
84076	3
84643	7
84677	8
84711	1
84745	6
84779	34
84813	13
85262	5
85296	7
85330	13
85364	4
85398	21
85432	12
85466	3
85867	6
85902	5
85936	1
85970	4
86004	34
86038	12
86486	17
86521	7
86555	14
86589	11
86623	8
86657	1
87058	2
87092	17
87126	8
87160	1
87195	15
87229	8
87630	11
87664	2
87698	17
87732	10
87766	15
87800	28
87834	7
88259	1
88294	3
88328	5
88362	11
88396	2
88430	4
88855	10
88889	3
88923	4
88957	10
88991	2
89025	3
89427	5
89461	11
89495	3
89529	4
89563	10
89597	2
89998	5
90033	5
90067	11
90101	3
90135	4
90169	10
90203	2
90628	16
90662	9
90696	14
90730	15
90764	8
90798	13
90832	14
91257	5
91291	11
91325	2
91360	3
91394	9
91428	24
91829	3
91863	5
91897	11
91931	2
91965	2
91999	10
92034	24
92435	3
92469	5
92503	11
92537	2
92571	4
92605	10
93030	3
93064	4
93098	9
93133	1
93167	2
93201	7
93838	3
93872	4
93906	22
93940	2
93975	2
94009	8
94434	13
94468	14
94502	7
94536	12
94570	13
94604	6
95005	7
95039	2
95074	10
95108	5
95142	12
95176	13
95601	4
95635	10
95669	1
95703	3
95737	9
95771	24
95805	2
96277	23
96312	15
96346	6
96380	21
96414	27
96448	5
96873	33
96907	26
96941	17
96975	8
97009	25
97043	16
97077	7
97111	9
97607	6
97641	12
97675	4
97709	1
97744	10
97778	2
97812	3
98213	2
98247	12
98281	4
98315	5
98349	11
98383	3
98808	17
98843	9
98877	14
98911	15
98945	8
98979	13
99475	8
99509	23
99543	1
99577	7
99611	18
99645	15
100165	13
100199	5
100233	2
100267	11
100301	4
100335	1
100784	12
100818	3
100852	3
100886	11
100920	2
100954	4
101379	11
101413	3
101447	4
101481	9
101515	2
101549	3
101974	7
102008	2
102043	14
102077	7
102111	12
102145	13
102546	12
102580	7
102614	14
102648	15
102682	8
102717	12
102751	13
103199	8
103233	1
103267	2
103301	7
103336	1
103370	10
103818	8
103852	23
103886	1
103920	7
103955	21
103989	27
104414	5
104448	9
104482	11
104516	4
104550	8
104584	8
105033	5
105067	1
105101	11
105135	4
105169	19
105203	12
105237	3
105271	14
105720	12
105754	5
105788	2
105822	12
105856	4
105890	1
106292	7
106326	12
106360	5
106394	2
106428	11
106462	4
106863	7
106897	4
106931	1
106966	5
107000	2
107034	11
107068	4
107493	18
107527	9
107561	2
107595	17
107629	10
107663	1
108065	3
108099	18
108133	11
108167	2
108201	17
108235	10
108660	2
108694	5
108728	7
108762	1
108796	4
108830	6
108864	12
109289	5
109323	6
109358	11
109392	3
109426	4
109460	10
109494	2
109919	12
109953	9
109987	14
110021	11
110055	6
110089	1
110123	10
110548	3
110582	11
110616	2
110651	3
110685	9
110719	24
110753	2
111178	8
111212	1
111246	2
111280	7
111314	2
111348	1
111773	5
111807	12
111841	9
111875	4
111911	9
111943	8
111978	2
112426	10
112460	52
112494	6
112528	9
112562	11
112597	3
112631	7
113056	10
113090	3
113124	8
113158	9
113192	2
113226	7
113698	1
113732	6
113766	3
113800	12
113835	4
113869	1
114388	3
114422	9
114456	5
114490	2
114524	8
114558	19
114593	13
115018	7
115052	10
115086	12
115120	6
115154	9
115188	9
115613	5
115648	9
115681	11
115715	4
115749	9
115783	10
116185	8
116219	3
116254	9
116287	7
116321	4
116355	9
116804	11
116838	4
